1 0.2703125 0.621875 0.190625 0.1125
1 0.47109375 0.528125 0.1421875 0.1125
1 0.20703125 0.38333333333333336 0.16015625 0.096875
1 0.3515625 0.3770833333333333 0.12578125 0.09895833333333333
1 0.37109375 0.240625 0.153125 0.10104166666666667
1 0.4796875 0.3854166666666667 0.1171875 0.10625
1 0.59609375 0.584375 0.1515625 0.10520833333333333
1 0.62734375 0.653125 0.15390625 0.09270833333333334
1 0.5671875 0.425 0.1390625 0.078125
1 0.5359375 0.321875 0.15 0.08333333333333333
1 0.62734375 0.2604166666666667 0.1421875 0.09375
1 0.68203125 0.33125 0.1171875 0.06354166666666666
1 0.6046875 0.203125 0.12578125 0.07604166666666666
1 0.5078125 0.11145833333333334 0.1296875 0.09375
2 0.7046875 0.38333333333333336 0.11796875 0.06145833333333333