1 0.25703125 0.4583333333333333 0.2390625 0.20625
1 0.415625 0.3770833333333333 0.18828125 0.16875
1 0.45546875 0.25104166666666666 0.17890625 0.18854166666666666
1 0.51015625 0.5041666666666667 0.24453125 0.23541666666666666
1 0.5046875 0.703125 0.2234375 0.24375
1 0.703125 0.47604166666666664 0.22109375 0.2552083333333333
1 0.67734375 0.675 0.1984375 0.21770833333333334
1 0.9203125 0.503125 0.15859375 0.21354166666666666
1 0.80703125 0.22291666666666668 0.203125 0.22083333333333333
1 0.8296875 0.07395833333333333 0.1828125 0.10729166666666666
1 0.671875 0.0625 0.14296875 0.103125
2 0.6703125 0.22604166666666667 0.1265625 0.22083333333333333
1 0.3078125 0.6114583333333333 0.1703125 0.15625