1 0.63671875 0.5666666666666667 0.2390625 0.259375
1 0.2796875 0.55 0.1109375 0.13854166666666667
1 0.21953125 0.553125 0.05859375 0.07916666666666666
1 0.19609375 0.653125 0.06484375 0.10833333333333334
1 0.396875 0.653125 0.10390625 0.11979166666666667
1 0.4765625 0.6 0.08515625 0.09791666666666667
1 0.4578125 0.7083333333333334 0.07265625 0.09583333333333334
2 0.2796875 0.23854166666666668 0.0796875 0.14270833333333333
2 0.35 0.18645833333333334 0.11484375 0.16354166666666667
2 0.3328125 0.09791666666666667 0.0609375 0.08645833333333333
2 0.5625 0.27395833333333336 0.0671875 0.09375
2 0.6046875 0.19166666666666668 0.09140625 0.10833333333333334
2 0.62421875 0.115625 0.0640625 0.084375