1 0.3953125 0.6604166666666667 0.20234375 0.159375
1 0.7015625 0.65625 0.24765625 0.196875
1 0.56875 0.778125 0.1640625 0.184375
1 0.38984375 0.828125 0.16484375 0.140625
1 0.8515625 0.5135416666666667 0.1859375 0.171875
1 0.53125 0.5010416666666667 0.17578125 0.15416666666666667
1 0.35390625 0.5229166666666667 0.21640625 0.1625
1 0.4328125 0.3572916666666667 0.2390625 0.19791666666666666
1 0.61640625 0.22291666666666668 0.2578125 0.21354166666666666
1 0.7671875 0.3145833333333333 0.20234375 0.15104166666666666
1 0.3140625 0.14583333333333334 0.1765625 0.14479166666666668
1 0.46171875 0.07604166666666666 0.19609375 0.14895833333333333
1 0.7453125 0.15416666666666667 0.228125 0.16354166666666667
1 0.3015625 0.27291666666666664 0.17421875 0.17395833333333333
1 0.425 0.21875 0.11484375 0.10416666666666667