1 0.2640625 0.6614583333333334 0.2234375 0.31666666666666665
1 0.31484375 0.3375 0.2375 0.36354166666666665
1 0.50703125 0.42916666666666664 0.22890625 0.3302083333333333
1 0.6796875 0.6041666666666666 0.25625 0.3489583333333333
1 0.46015625 0.8052083333333333 0.2125 0.334375
1 0.09609375 0.30625 0.1875 0.31354166666666666
1 0.078125 0.6333333333333333 0.15390625 0.32083333333333336
1 0.1125 0.8927083333333333 0.2171875 0.21041666666666667
1 0.8953125 0.5427083333333333 0.1984375 0.384375
1 0.8640625 0.8447916666666667 0.2296875 0.30625
1 0.65859375 0.8729166666666667 0.23984375 0.25104166666666666
1 0.7046875 0.303125 0.20859375 0.2947916666666667
1 0.484375 0.14583333333333334 0.23125 0.26666666666666666
1 0.884375 0.18645833333333334 0.22890625 0.34375