1 0.4046875 0.71875 0.1078125 0.13541666666666666
1 0.38671875 0.578125 0.09375 0.13541666666666666
1 0.5640625 0.690625 0.1046875 0.13854166666666667
1 0.5265625 0.5364583333333334 0.1078125 0.14583333333333334
1 0.5171875 0.32708333333333334 0.1015625 0.14479166666666668
1 0.6390625 0.3104166666666667 0.10859375 0.14479166666666668
2 0.4515625 0.79375 0.06875 0.08958333333333333
2 0.48515625 0.8572916666666667 0.10234375 0.12395833333333334
2 0.1484375 0.4739583333333333 0.07734375 0.08854166666666667
2 0.590625 0.38958333333333334 0.08125 0.084375
2 0.07734375 0.509375 0.0875 0.10729166666666666
2 0.04296875 0.175 0.0609375 0.10520833333333333