2 0.10546875 0.6260416666666667 0.1375 0.090625
2 0.3265625 0.759375 0.1234375 0.13541666666666666
2 0.15859375 0.7270833333333333 0.1015625 0.146875
2 0.234375 0.7833333333333333 0.0890625 0.109375
2 0.26484375 0.6052083333333333 0.07734375 0.12708333333333333
2 0.2453125 0.7020833333333333 0.07578125 0.09375
2 0.2046875 0.5489583333333333 0.09609375 0.16041666666666668
2 0.1609375 0.4875 0.0921875 0.09895833333333333
2 0.41875 0.6270833333333333 0.1109375 0.15
2 0.34140625 0.5458333333333333 0.0609375 0.09375
2 0.31484375 0.6677083333333333 0.09765625 0.17291666666666666
2 0.459375 0.5083333333333333 0.0796875 0.13645833333333332
2 0.33515625 0.40729166666666666 0.0734375 0.090625
2 0.38984375 0.5177083333333333 0.05546875 0.08125
2 0.49375 0.6854166666666667 0.0921875 0.14791666666666667
2 0.5234375 0.4791666666666667 0.07265625 0.12708333333333333
2 0.09921875 0.49375 0.07265625 0.09791666666666667
2 0.08203125 0.5739583333333333 0.08828125 0.05625
2 0.05546875 0.5229166666666667 0.06015625 0.11979166666666667
2 0.1234375 0.41770833333333335 0.09375 0.08541666666666667
2 0.1921875 0.4010416666666667 0.0796875 0.11041666666666666
2 0.27109375 0.3770833333333333 0.0546875 0.103125
2 0.48125 0.415625 0.0859375 0.08958333333333333
2 0.38984375 0.440625 0.0578125 0.07604166666666666
2 0.80390625 0.465625 0.07265625 0.07291666666666667
2 0.68125 0.44583333333333336 0.0671875 0.09375
2 0.7515625 0.4010416666666667 0.0515625 0.08125
2 0.7375 0.45416666666666666 0.046875 0.0625
2 0.875 0.46041666666666664 0.078125 0.07083333333333333
2 0.834375 0.41354166666666664 0.06640625 0.07083333333333333
2 0.6265625 0.390625 0.0765625 0.07291666666666667
2 0.790625 0.290625 0.06953125 0.053125
2 0.68359375 0.3458333333333333 0.05703125 0.052083333333333336
2 0.7515625 0.35625 0.0625 0.078125
2 0.63984375 0.33125 0.046875 0.05
2 0.38671875 0.328125 0.06640625 0.1
2 0.4265625 0.38229166666666664 0.059375 0.059375
2 0.9671875 0.415625 0.0640625 0.06875
2 0.921875 0.471875 0.0640625 0.07916666666666666
2 0.86953125 0.35 0.03828125 0.06458333333333334
2 0.85078125 0.30520833333333336 0.0390625 0.052083333333333336