1 0.09765625 0.5375 0.13671875 0.16666666666666666
1 0.0671875 0.3229166666666667 0.12265625 0.22291666666666668
1 0.1296875 0.23125 0.090625 0.12291666666666666
1 0.16328125 0.3489583333333333 0.0859375 0.10833333333333334
1 0.39609375 0.584375 0.11015625 0.11666666666666667
1 0.43125 0.434375 0.09296875 0.14375
1 0.45078125 0.546875 0.07109375 0.11145833333333334
1 0.5203125 0.5770833333333333 0.08671875 0.10208333333333333
1 0.51484375 0.4875 0.06875 0.11145833333333334
1 0.50390625 0.3770833333333333 0.09609375 0.109375
1 0.34765625 0.4875 0.06796875 0.09583333333333334
1 0.296875 0.31979166666666664 0.06875 0.09166666666666666
1 0.584375 0.5552083333333333 0.059375 0.07395833333333333
1 0.59921875 0.525 0.06328125 0.09270833333333334
1 0.4046875 0.5822916666666667 0.090625 0.13333333333333333
1 0.80234375 0.6729166666666667 0.05625 0.08229166666666667
1 0.8828125 0.5197916666666667 0.1203125 0.1375
1 0.784375 0.46875 0.109375 0.15104166666666666
1 0.7890625 0.5895833333333333 0.0640625 0.09270833333333334
1 0.86484375 0.65625 0.075 0.1125
1 0.69765625 0.18333333333333332 0.04609375 0.07604166666666666
1 0.92421875 0.23020833333333332 0.05703125 0.07604166666666666
1 0.971875 0.25833333333333336 0.053125 0.07916666666666666
1 0.9703125 0.16666666666666666 0.05703125 0.08541666666666667
1 0.64765625 0.30833333333333335 0.04609375 0.057291666666666664
1 0.78828125 0.06666666666666667 0.034375 0.05520833333333333
1 0.76328125 0.03333333333333333 0.04375 0.046875
1 0.7 0.3072916666666667 0.03828125 0.051041666666666666
2 0.928125 0.734375 0.02421875 0.030208333333333334
2 0.96171875 0.7104166666666667 0.06171875 0.08958333333333333
2 0.9890625 0.33541666666666664 0.0203125 0.071875
2 0.971875 0.046875 0.0546875 0.075