1 0.1890625 0.6083333333333333 0.1640625 0.25729166666666664
1 0.0625 0.49583333333333335 0.115625 0.2520833333333333
1 0.178125 0.39479166666666665 0.1125 0.2
1 0.29140625 0.3645833333333333 0.12890625 0.225
1 0.1265625 0.2375 0.12421875 0.19479166666666667
1 0.20859375 0.11354166666666667 0.11171875 0.19270833333333334
1 0.27890625 0.22291666666666668 0.1125 0.15520833333333334
1 0.32421875 0.08645833333333333 0.12265625 0.16770833333333332
1 0.3796875 0.49375 0.14296875 0.23229166666666667
1 0.5 0.40625 0.14609375 0.27291666666666664
1 0.478125 0.6375 0.18125 0.25
1 0.528125 0.11770833333333333 0.12421875 0.21458333333333332
1 0.421875 0.13020833333333334 0.11015625 0.18958333333333333
1 0.6515625 0.3385416666666667 0.1515625 0.22708333333333333
1 0.6515625 0.12291666666666666 0.12890625 0.21458333333333332
1 0.76796875 0.23541666666666666 0.11875 0.24479166666666666
1 0.86875 0.12708333333333333 0.12890625 0.20520833333333333
1 0.85234375 0.4 0.1640625 0.26458333333333334
1 0.81875 0.6322916666666667 0.16875 0.28958333333333336
1 0.68515625 0.6552083333333333 0.1359375 0.24479166666666666
1 0.6015625 0.5083333333333333 0.134375 0.19791666666666666
1 0.92109375 0.3020833333333333 0.1484375 0.18958333333333333
1 0.03984375 0.14479166666666668 0.07421875 0.21041666666666667
1 0.11953125 0.07395833333333333 0.11015625 0.14270833333333333
1 0.07578125 0.88125 0.134375 0.19791666666666666
1 0.2140625 0.7677083333333333 0.134375 0.20520833333333333
1 0.36953125 0.8072916666666666 0.12421875 0.2
1 0.56328125 0.80625 0.1328125 0.22291666666666668
1 0.79296875 0.8833333333333333 0.134375 0.19791666666666666
1 0.92109375 0.8041666666666667 0.15546875 0.2875
1 0.43515625 0.9302083333333333 0.146875 0.13541666666666666
1 0.21796875 0.94375 0.1328125 0.10729166666666666
1 0.36953125 0.6666666666666666 0.09609375 0.11770833333333333