1 0.1484375 0.20520833333333333 0.21875 0.375
1 0.375 0.19895833333333332 0.26015625 0.375
1 0.58671875 0.25625 0.23125 0.41875
1 0.82578125 0.14583333333333334 0.215625 0.27291666666666664
1 0.16015625 0.5770833333333333 0.25234375 0.45625
1 0.37265625 0.5947916666666667 0.209375 0.4270833333333333
1 0.61640625 0.609375 0.246875 0.4270833333333333
1 0.82734375 0.46979166666666666 0.246875 0.35208333333333336
1 0.2359375 0.8645833333333334 0.2390625 0.26458333333333334
1 0.4625 0.8666666666666667 0.25234375 0.26145833333333335
1 0.71484375 0.8239583333333333 0.28203125 0.3458333333333333
1 0.87109375 0.7802083333333333 0.2390625 0.375