1 0.33046875 0.559375 0.1546875 0.22604166666666667
1 0.48359375 0.6614583333333334 0.16328125 0.24583333333333332
1 0.65078125 0.7614583333333333 0.17265625 0.240625
1 0.8140625 0.8239583333333333 0.1796875 0.23020833333333332
1 0.465625 0.4875 0.171875 0.190625
1 0.6125 0.5854166666666667 0.1578125 0.23125
1 0.740625 0.65 0.125 0.203125
1 0.45546875 0.36875 0.13828125 0.1375
1 0.5859375 0.43854166666666666 0.14453125 0.20104166666666667
1 0.7171875 0.5072916666666667 0.13203125 0.178125
1 0.72421875 0.390625 0.12421875 0.18541666666666667
1 0.60859375 0.33645833333333336 0.13125 0.15625
1 0.49765625 0.30104166666666665 0.1 0.14270833333333333
1 0.6453125 0.2635416666666667 0.10234375 0.13645833333333332
1 0.7453125 0.30520833333333336 0.103125 0.11666666666666667
1 0.759375 0.23854166666666668 0.1046875 0.13854166666666667
1 0.54453125 0.23854166666666668 0.096875 0.1125
1 0.07578125 0.6 0.09921875 0.140625
1 0.13671875 0.734375 0.0875 0.14895833333333333
1 0.1703125 0.6083333333333333 0.10234375 0.15625
1 0.128125 0.49166666666666664 0.08359375 0.12395833333333334
1 0.03828125 0.5114583333333333 0.06875 0.12604166666666666
1 0.20859375 0.30520833333333336 0.0859375 0.11354166666666667
1 0.16171875 0.25729166666666664 0.090625 0.09895833333333333
1 0.1671875 0.375 0.08203125 0.11979166666666667
1 0.2453125 0.39166666666666666 0.09296875 0.12708333333333333
1 0.32109375 0.23229166666666667 0.0953125 0.125
1 0.35625 0.33958333333333335 0.06875 0.12291666666666666
1 0.209375 0.16979166666666667 0.08203125 0.1
1 0.2578125 0.10833333333333334 0.08359375 0.1
1 0.3546875 0.13125 0.0859375 0.10104166666666667
1 0.39453125 0.21458333333333332 0.05859375 0.121875
1 0.08125 0.07916666666666666 0.06171875 0.09895833333333333
1 0.02890625 0.103125 0.05078125 0.08020833333333334