1 0.553125 0.95 0.11953125 0.09791666666666667
1 0.5984375 0.8447916666666667 0.1296875 0.175
1 0.85703125 0.9072916666666667 0.12421875 0.16666666666666666
1 0.684375 0.734375 0.128125 0.19895833333333332
1 0.57109375 0.7041666666666667 0.1375 0.15520833333333334
1 0.621875 0.5395833333333333 0.10390625 0.15104166666666666
1 0.91953125 0.46145833333333336 0.11328125 0.17395833333333333
1 0.803125 0.44479166666666664 0.10859375 0.19166666666666668
1 0.68984375 0.46041666666666664 0.1203125 0.16354166666666667
1 0.82265625 0.16770833333333332 0.13828125 0.20104166666666667
1 0.578125 0.20104166666666667 0.13046875 0.17291666666666666
1 0.6484375 0.328125 0.12578125 0.16666666666666666
1 0.51875 0.3489583333333333 0.09765625 0.12708333333333333
2 0.4828125 0.415625 0.1015625 0.11354166666666667
1 0.57109375 0.08333333333333333 0.134375 0.12083333333333333
1 0.50078125 0.21458333333333332 0.11640625 0.13020833333333334