1 0.1140625 0.44375 0.20546875 0.20833333333333334
1 0.18828125 0.19270833333333334 0.2015625 0.18854166666666666
1 0.421875 0.22291666666666668 0.21953125 0.20416666666666666
1 0.2796875 0.3385416666666667 0.2125 0.18125
1 0.309375 0.509375 0.24140625 0.20625
1 0.4984375 0.39791666666666664 0.25 0.19895833333333332
1 0.38046875 0.7375 0.25 0.23854166666666668
1 0.51328125 0.5822916666666667 0.21796875 0.2125
1 0.67421875 0.475 0.215625 0.20208333333333334
1 0.70625 0.6927083333333334 0.2484375 0.22604166666666667
1 0.871875 0.553125 0.221875 0.24166666666666667