1 0.1453125 0.640625 0.05390625 0.04791666666666667
1 0.20390625 0.6552083333333333 0.05546875 0.04583333333333333
1 0.27421875 0.6552083333333333 0.04765625 0.0375
1 0.55859375 0.55625 0.08828125 0.04479166666666667
1 0.671875 0.5895833333333333 0.08984375 0.05520833333333333
1 0.67109375 0.4354166666666667 0.0953125 0.04791666666666667
1 0.58046875 0.615625 0.09765625 0.053125
1 0.73046875 0.65 0.10703125 0.051041666666666666
1 0.8890625 0.5427083333333333 0.12265625 0.057291666666666664
2 0.5515625 0.8114583333333333 0.0671875 0.051041666666666666
2 0.61015625 0.7958333333333333 0.08046875 0.04791666666666667
2 0.5375 0.740625 0.08828125 0.029166666666666667
2 0.56953125 0.71875 0.10703125 0.051041666666666666
2 0.8078125 0.6989583333333333 0.109375 0.04583333333333333