1 0.45546875 0.6614583333333334 0.08828125 0.175
1 0.46328125 0.7947916666666667 0.08671875 0.10416666666666667
1 0.5453125 0.671875 0.08359375 0.15833333333333333
1 0.55546875 0.8260416666666667 0.08203125 0.14375
1 0.4953125 0.9072916666666667 0.08984375 0.14166666666666666
1 0.64453125 0.3572916666666667 0.13515625 0.25729166666666664
1 0.7578125 0.36770833333333336 0.11484375 0.23125
1 0.76796875 0.5604166666666667 0.11328125 0.18333333333333332
1 0.6296875 0.5197916666666667 0.11640625 0.12395833333333334
1 0.021875 0.5916666666666667 0.0234375 0.042708333333333334
1 0.03046875 0.5604166666666667 0.03203125 0.042708333333333334
1 0.025 0.621875 0.0296875 0.03958333333333333
2 0.509375 0.28541666666666665 0.13828125 0.24895833333333334
2 0.5171875 0.45625 0.128125 0.16666666666666666
2 0.5 0.14791666666666667 0.11640625 0.18958333333333333
2 0.64765625 0.1375 0.1515625 0.21770833333333334
2 0.684375 0.6583333333333333 0.13515625 0.19791666666666666
2 0.35234375 0.678125 0.05859375 0.090625
1 0.353125 0.5885416666666666 0.0734375 0.09895833333333333
2 0.38515625 0.07604166666666666 0.06640625 0.10729166666666666
2 0.3859375 0.18333333333333332 0.06796875 0.10208333333333333
2 0.38359375 0.3177083333333333 0.04296875 0.0875
2 0.328125 0.425 0.03359375 0.059375
2 0.328125 0.47604166666666664 0.03671875 0.059375
2 0.3984375 0.4083333333333333 0.03359375 0.059375
2 0.34765625 0.20208333333333334 0.0484375 0.09270833333333334
2 0.284375 0.3625 0.028125 0.05416666666666667
2 0.29765625 0.42916666666666664 0.025 0.034375
2 0.27421875 0.16666666666666666 0.03203125 0.051041666666666666
2 0.3 0.1 0.0296875 0.059375
2 0.35546875 0.26666666666666666 0.0453125 0.04791666666666667