1 0.15625 0.1875 0.2 0.25833333333333336
1 0.3484375 0.20520833333333333 0.20703125 0.2604166666666667
1 0.49609375 0.10833333333333334 0.2 0.21354166666666666
1 0.671875 0.12291666666666666 0.1625 0.21770833333333334
1 0.19375 0.42291666666666666 0.20703125 0.24166666666666667
1 0.06328125 0.54375 0.11796875 0.25729166666666664
1 0.39609375 0.45729166666666665 0.19375 0.25104166666666666
1 0.56484375 0.5552083333333333 0.2140625 0.27395833333333336
1 0.59296875 0.2989583333333333 0.19765625 0.24895833333333334
1 0.765625 0.4197916666666667 0.20234375 0.29270833333333335
1 0.815625 0.21666666666666667 0.171875 0.24166666666666667
1 0.20859375 0.6614583333333334 0.22109375 0.25729166666666664
1 0.4125 0.7114583333333333 0.215625 0.29791666666666666
1 0.59765625 0.7947916666666667 0.20234375 0.2635416666666667
1 0.7515625 0.6604166666666667 0.2 0.2520833333333333
1 0.08984375 0.7947916666666667 0.14921875 0.21354166666666666
1 0.26484375 0.884375 0.19765625 0.22916666666666666
1 0.45078125 0.9010416666666666 0.20703125 0.19479166666666667