1 0.20234375 0.88125 0.34453125 0.225
1 0.56953125 0.8697916666666666 0.37578125 0.259375
1 0.228125 0.7145833333333333 0.30234375 0.12395833333333334
1 0.47421875 0.7229166666666667 0.18828125 0.11354166666666667
1 0.68359375 0.7447916666666666 0.23515625 0.13958333333333334
1 0.86875 0.896875 0.26171875 0.19166666666666668
1 0.0921875 0.665625 0.146875 0.09270833333333334
1 0.27109375 0.634375 0.19765625 0.08541666666666667
1 0.44609375 0.6385416666666667 0.18359375 0.10729166666666666
1 0.60078125 0.653125 0.190625 0.09166666666666666
1 0.896875 0.7395833333333334 0.20546875 0.13125
1 0.803125 0.6520833333333333 0.19609375 0.09583333333333334
1 0.684375 0.609375 0.14921875 0.09791666666666667
1 0.3890625 0.5729166666666666 0.18671875 0.0875
1 0.63671875 0.5708333333333333 0.109375 0.059375
1 0.23046875 0.596875 0.13046875 0.06666666666666667
1 0.78046875 0.5739583333333333 0.12109375 0.07604166666666666