1 0.89375 0.53125 0.06484375 0.084375
1 0.93828125 0.340625 0.06640625 0.09895833333333333
1 0.88515625 0.378125 0.06875 0.08854166666666667
1 0.75234375 0.29375 0.03515625 0.03958333333333333
1 0.7765625 0.23125 0.03359375 0.046875
1 0.7375 0.246875 0.0296875 0.029166666666666667
1 0.77421875 0.165625 0.03671875 0.04895833333333333
1 0.8578125 0.15208333333333332 0.03828125 0.052083333333333336
1 0.896875 0.20208333333333334 0.03125 0.03958333333333333
1 0.659375 0.528125 0.03515625 0.04895833333333333
1 0.64296875 0.46458333333333335 0.03359375 0.04895833333333333
1 0.63125 0.5427083333333333 0.03125 0.04479166666666667
1 0.57421875 0.353125 0.0296875 0.03958333333333333
1 0.20234375 0.353125 0.0546875 0.07916666666666666
1 0.2203125 0.2947916666666667 0.04765625 0.057291666666666664
1 0.20625 0.225 0.03671875 0.04895833333333333
1 0.3359375 0.1625 0.0265625 0.03958333333333333
1 0.3546875 0.190625 0.03515625 0.04479166666666667
1 0.38359375 0.171875 0.0296875 0.041666666666666664
1 0.06640625 0.5739583333333333 0.02421875 0.046875
1 0.084375 0.5458333333333333 0.03125 0.025
1 0.0765625 0.5177083333333333 0.03359375 0.0375
1 0.02578125 0.6583333333333333 0.03671875 0.052083333333333336
1 0.07421875 0.3645833333333333 0.01953125 0.0375
1 0.10625 0.36041666666666666 0.015625 0.025