1 0.328125 0.403125 0.240625 0.33645833333333336
1 0.203125 0.19375 0.23828125 0.31354166666666666
1 0.41875 0.2625 0.17578125 0.23229166666666667
1 0.040625 0.21145833333333333 0.07890625 0.28541666666666665
1 0.36171875 0.0875 0.19609375 0.15520833333333334
1 0.60234375 0.25416666666666665 0.19609375 0.2791666666666667
1 0.07734375 0.46458333333333335 0.14453125 0.28125
1 0.815625 0.18854166666666666 0.1859375 0.259375
1 0.253125 0.7989583333333333 0.24140625 0.33958333333333335
1 0.471875 0.7697916666666667 0.23515625 0.328125
1 0.71328125 0.8083333333333333 0.215625 0.3104166666666667
1 0.63203125 0.6239583333333333 0.17109375 0.2552083333333333
1 0.7484375 0.41354166666666664 0.19453125 0.253125
1 0.82890625 0.634375 0.23125 0.3145833333333333
1 0.9109375 0.365625 0.17578125 0.30416666666666664
1 0.5703125 0.08020833333333334 0.12890625 0.12291666666666666
1 0.91875 0.8385416666666666 0.16015625 0.26666666666666666