1 0.58828125 0.7645833333333333 0.45234375 0.21875
1 0.75625 0.6302083333333334 0.3578125 0.19166666666666668
1 0.23046875 0.8583333333333333 0.409375 0.17708333333333334
1 0.18984375 0.65625 0.34453125 0.21458333333333332
1 0.69375 0.884375 0.43984375 0.12604166666666666
1 0.278125 0.07604166666666666 0.2890625 0.12604166666666666
1 0.31875 0.21979166666666666 0.31875 0.13020833333333334
1 0.52578125 0.18020833333333333 0.31015625 0.15104166666666666
1 0.846875 0.1625 0.29765625 0.159375
1 0.75625 0.08229166666666667 0.2453125 0.08333333333333333
1 0.07734375 0.18125 0.1296875 0.153125
1 0.2546875 0.31145833333333334 0.3359375 0.12083333333333333
1 0.6984375 0.40520833333333334 0.32734375 0.16354166666666667
1 0.29765625 0.465625 0.36171875 0.153125
1 0.64453125 0.5041666666666667 0.3578125 0.14479166666666668
1 0.1015625 0.384375 0.18515625 0.13020833333333334
1 0.1484375 0.5135416666666667 0.2890625 0.146875