1 0.4390625 0.4583333333333333 0.15 0.24791666666666667
2 0.20625 0.7260416666666667 0.146875 0.196875
1 0.11328125 0.61875 0.1375 0.19479166666666667
1 0.30859375 0.8729166666666667 0.09609375 0.125
1 0.40234375 0.7885416666666667 0.0671875 0.11041666666666666
1 0.46484375 0.771875 0.0703125 0.08645833333333333
2 0.4390625 0.6541666666666667 0.159375 0.18229166666666666
2 0.30859375 0.54375 0.146875 0.23125
1 0.275 0.4041666666666667 0.128125 0.15833333333333333
1 0.15234375 0.4666666666666667 0.1328125 0.15833333333333333
1 0.5546875 0.11979166666666667 0.05078125 0.08645833333333333
1 0.52890625 0.190625 0.05078125 0.07916666666666666
2 0.4921875 0.23645833333333333 0.0609375 0.09375