1 0.28828125 0.6458333333333334 0.146875 0.20729166666666668
1 0.39140625 0.6510416666666666 0.0921875 0.17604166666666668
1 0.41015625 0.35 0.046875 0.11875
1 0.8421875 0.79375 0.04765625 0.06145833333333333
1 0.76171875 0.6208333333333333 0.05546875 0.07291666666666667
2 0.48125 0.378125 0.10078125 0.13333333333333333
2 0.4546875 0.47708333333333336 0.11484375 0.11666666666666667
2 0.6046875 0.525 0.06953125 0.09583333333333334
2 0.56953125 0.5645833333333333 0.05234375 0.07916666666666666
2 0.6671875 0.45416666666666666 0.05703125 0.08645833333333333
2 0.6015625 0.4354166666666667 0.07421875 0.09166666666666666
2 0.19921875 0.3958333333333333 0.075 0.0875
2 0.0875 0.7739583333333333 0.08203125 0.10833333333333334
2 0.58203125 0.215625 0.0609375 0.096875
2 0.25859375 0.075 0.07265625 0.096875
2 0.32734375 0.10625 0.07265625 0.10416666666666667
2 0.5359375 0.06458333333333334 0.04140625 0.05520833333333333
2 0.5140625 0.12291666666666666 0.04921875 0.04479166666666667