2 0.7984375 0.36666666666666664 0.16640625 0.11354166666666667
2 0.728125 0.6708333333333333 0.11640625 0.08541666666666667
2 0.65546875 0.6052083333333333 0.121875 0.08541666666666667
2 0.65234375 0.440625 0.14140625 0.09375
2 0.6546875 0.253125 0.1734375 0.103125
2 0.5125 0.21875 0.1484375 0.10208333333333333
2 0.74921875 0.08020833333333334 0.175 0.12604166666666666
2 0.45 0.3958333333333333 0.08359375 0.06041666666666667
2 0.4484375 0.6041666666666666 0.1234375 0.09270833333333334
2 0.4671875 0.7427083333333333 0.0984375 0.071875
2 0.46484375 0.7947916666666667 0.09296875 0.07291666666666667
2 0.375 0.8041666666666667 0.11328125 0.084375
2 0.3625 0.6541666666666667 0.1046875 0.084375
2 0.5421875 0.7697916666666667 0.06484375 0.04479166666666667
2 0.40078125 0.728125 0.13828125 0.07708333333333334