2 0.7421875 0.15625 0.0875 0.11041666666666666
2 0.628125 0.096875 0.07109375 0.11041666666666666
2 0.69765625 0.26979166666666665 0.0703125 0.1125
2 0.59375 0.21458333333333332 0.0578125 0.09166666666666666
2 0.66640625 0.3927083333333333 0.0828125 0.10729166666666666
2 0.65625 0.515625 0.075 0.09791666666666667
2 0.65234375 0.6333333333333333 0.0578125 0.103125
2 0.66484375 0.75 0.0578125 0.084375
2 0.6734375 0.8333333333333334 0.0453125 0.06354166666666666
2 0.578125 0.3302083333333333 0.07109375 0.10520833333333333
2 0.5640625 0.44583333333333336 0.05859375 0.103125
2 0.57109375 0.5677083333333334 0.0671875 0.084375
2 0.56640625 0.665625 0.06015625 0.07083333333333333
2 0.60234375 0.7875 0.05 0.08645833333333333
2 0.50390625 0.41041666666666665 0.0578125 0.08645833333333333
2 0.4609375 0.55 0.0640625 0.07916666666666666
2 0.4546875 0.64375 0.0625 0.08229166666666667
2 0.43984375 0.740625 0.0578125 0.08020833333333334