2 0.53359375 0.840625 0.20234375 0.11666666666666667
2 0.275 0.803125 0.1453125 0.084375
2 0.40703125 0.8260416666666667 0.1296875 0.078125
2 0.40078125 0.759375 0.14375 0.09791666666666667
2 0.23671875 0.7291666666666666 0.18359375 0.13125
2 0.6625 0.7979166666666667 0.21953125 0.115625
1 0.8640625 0.7614583333333333 0.17578125 0.096875
2 0.13203125 0.49270833333333336 0.1640625 0.09583333333333334
2 0.1296875 0.553125 0.14140625 0.115625
2 0.2953125 0.496875 0.1625 0.084375
2 0.28671875 0.5708333333333333 0.1953125 0.090625
2 0.44765625 0.534375 0.2140625 0.09895833333333333
2 0.6640625 0.56875 0.1890625 0.103125
2 0.61953125 0.6677083333333333 0.19140625 0.103125
2 0.31171875 0.65625 0.14921875 0.08958333333333333
2 0.4515625 0.6989583333333333 0.17578125 0.08958333333333333
2 0.0765625 0.71875 0.1375 0.103125
2 0.91875 0.665625 0.14375 0.090625