2 0.27734375 0.9427083333333334 0.0546875 0.08229166666666667
2 0.35 0.865625 0.0875 0.13854166666666667
2 0.28671875 0.8364583333333333 0.0734375 0.11041666666666666
2 0.35703125 0.7447916666666666 0.08359375 0.12916666666666668
2 0.44453125 0.7770833333333333 0.08125 0.15625
2 0.5609375 0.915625 0.06015625 0.13333333333333333
2 0.52734375 0.6666666666666666 0.1203125 0.159375
2 0.52109375 0.5145833333333333 0.1078125 0.15729166666666666
2 0.63125 0.5166666666666667 0.12734375 0.146875
2 0.6875 0.425 0.15 0.18020833333333333
2 0.70625 0.2791666666666667 0.12265625 0.16979166666666667
2 0.5828125 0.3625 0.13125 0.19583333333333333