2 0.34921875 0.828125 0.0640625 0.10520833333333333
2 0.4328125 0.7239583333333334 0.0921875 0.14166666666666666
2 0.5234375 0.5791666666666667 0.11015625 0.18229166666666666
2 0.59375 0.4583333333333333 0.11015625 0.159375
2 0.45390625 0.5729166666666666 0.0953125 0.15104166666666666
2 0.6515625 0.3 0.09609375 0.134375
2 0.5671875 0.3375 0.1015625 0.13125
2 0.465625 0.159375 0.05859375 0.10520833333333333
2 0.56953125 0.140625 0.0609375 0.09583333333333334
2 0.51484375 0.06041666666666667 0.0578125 0.11041666666666666
2 0.65078125 0.058333333333333334 0.0765625 0.09583333333333334