2 0.40546875 0.24270833333333333 0.21796875 0.12708333333333333
2 0.4359375 0.340625 0.1484375 0.08229166666666667
2 0.45546875 0.43645833333333334 0.18515625 0.11979166666666667
2 0.41796875 0.540625 0.1796875 0.12395833333333334
2 0.3421875 0.3489583333333333 0.125 0.08958333333333333
2 0.3265625 0.44166666666666665 0.1765625 0.12083333333333333
2 0.34765625 0.5510416666666667 0.18515625 0.09895833333333333
2 0.3625 0.7041666666666667 0.19140625 0.10625
2 0.4109375 0.6270833333333333 0.18515625 0.096875
2 0.4765625 0.7635416666666667 0.1734375 0.08020833333333334
2 0.3734375 0.8072916666666666 0.13671875 0.096875
2 0.50078125 0.8260416666666667 0.1484375 0.06979166666666667