2 0.08125 0.8375 0.0796875 0.05416666666666667
2 0.11171875 0.7885416666666667 0.07265625 0.04791666666666667
2 0.290625 0.8072916666666666 0.0921875 0.04791666666666667
2 0.1609375 0.8864583333333333 0.06640625 0.05520833333333333
2 0.47890625 0.4552083333333333 0.06640625 0.03958333333333333
2 0.57421875 0.4479166666666667 0.07578125 0.04479166666666667
2 0.45078125 0.5635416666666667 0.06640625 0.04375
2 0.49375 0.5916666666666667 0.0640625 0.03854166666666667
2 0.534375 0.5552083333333333 0.07265625 0.042708333333333334
2 0.4296875 0.79375 0.07421875 0.05625
2 0.37421875 0.8322916666666667 0.0640625 0.04791666666666667
2 0.33359375 0.7208333333333333 0.06796875 0.05520833333333333
1 0.13125 0.653125 0.08125 0.051041666666666666
1 0.12734375 0.5927083333333333 0.0796875 0.05520833333333333
2 0.10078125 0.7260416666666667 0.0828125 0.0625
2 0.21875 0.9302083333333333 0.0515625 0.04583333333333333
2 0.73671875 0.7395833333333334 0.08125 0.051041666666666666
2 0.659375 0.6635416666666667 0.07421875 0.034375