0 0.2625 0.540625 0.171875 0.21770833333333334
0 0.478125 0.5625 0.14609375 0.23958333333333334
0 0.7015625 0.3020833333333333 0.14609375 0.196875
0 0.85 0.465625 0.1875 0.23958333333333334
0 0.6484375 0.5427083333333333 0.13359375 0.21458333333333332
0 0.16640625 0.7520833333333333 0.184375 0.246875
0 0.10546875 0.5270833333333333 0.1640625 0.196875
0 0.5703125 0.790625 0.1515625 0.175
0 0.5515625 0.35208333333333336 0.11796875 0.18229166666666666
0 0.39453125 0.165625 0.2 0.23229166666666667
0 0.24140625 0.184375 0.13828125 0.253125