2 0.16015625 0.6875 0.0671875 0.11041666666666666
2 0.20078125 0.54375 0.07890625 0.08958333333333333
2 0.234375 0.6145833333333334 0.0765625 0.12604166666666666
2 0.3078125 0.5864583333333333 0.0671875 0.10729166666666666
2 0.371875 0.496875 0.0640625 0.1125
2 0.43359375 0.5416666666666666 0.07265625 0.103125
2 0.515625 0.3614583333333333 0.08359375 0.13645833333333332
2 0.6 0.42604166666666665 0.07265625 0.09791666666666667
2 0.50234375 0.5875 0.0875 0.12708333333333333
2 0.3609375 0.6260416666666667 0.0484375 0.06979166666666667
2 0.4203125 0.6385416666666667 0.04765625 0.065625
2 0.48125 0.696875 0.05234375 0.058333333333333334
2 0.53984375 0.6770833333333334 0.05234375 0.07916666666666666
2 0.4671875 0.7864583333333334 0.0984375 0.10833333333333334
2 0.6296875 0.796875 0.0359375 0.07083333333333333
2 0.69609375 0.7635416666666667 0.0421875 0.075
2 0.63125 0.6854166666666667 0.04765625 0.06979166666666667
2 0.7859375 0.653125 0.0515625 0.07083333333333333
2 0.4609375 0.44895833333333335 0.05 0.07708333333333334
2 0.5921875 0.7604166666666666 0.0875 0.11458333333333333
2 0.72734375 0.6302083333333334 0.0671875 0.1125
2 0.621875 0.6072916666666667 0.0640625 0.08854166666666667
2 0.5734375 0.6145833333333334 0.06015625 0.103125
2 0.2296875 0.47291666666666665 0.04765625 0.07916666666666666
2 0.19375 0.43854166666666666 0.025 0.03958333333333333
2 0.221875 0.36041666666666666 0.0234375 0.0375
2 0.3828125 0.284375 0.0578125 0.06979166666666667
2 0.3734375 0.41875 0.05625 0.06770833333333333
2 0.3609375 0.3697916666666667 0.0625 0.075
2 0.39140625 0.6989583333333333 0.05234375 0.084375
1 0.3359375 0.7666666666666667 0.0796875 0.11770833333333333
1 0.4390625 0.359375 0.0625 0.09166666666666666
1 0.30625 0.4635416666666667 0.0546875 0.13541666666666666
1 0.765625 0.7770833333333333 0.05859375 0.07916666666666666
1 0.6921875 0.534375 0.05625 0.08958333333333333