1 0.61171875 0.3020833333333333 0.05625 0.075
1 0.6078125 0.40729166666666666 0.0640625 0.09270833333333334
1 0.54921875 0.3697916666666667 0.0640625 0.08958333333333333
1 0.75703125 0.3104166666666667 0.07421875 0.1
1 0.67890625 0.40208333333333335 0.071875 0.11041666666666666
1 0.77265625 0.41041666666666665 0.08984375 0.1
1 0.6609375 0.284375 0.06171875 0.075
1 0.6875 0.215625 0.06953125 0.03958333333333333
1 0.66328125 0.5020833333333333 0.0671875 0.103125
1 0.775 0.5197916666666667 0.08515625 0.08229166666666667
1 0.59765625 0.509375 0.06953125 0.08958333333333333
1 0.54921875 0.459375 0.06953125 0.08229166666666667
2 0.64765625 0.815625 0.05625 0.08229166666666667
2 0.7328125 0.7375 0.08203125 0.103125
2 0.79921875 0.7052083333333333 0.0921875 0.11041666666666666
2 0.55 0.678125 0.0671875 0.09270833333333334
2 0.49765625 0.6645833333333333 0.03828125 0.057291666666666664
2 0.68671875 0.5947916666666667 0.071875 0.096875
2 0.5875 0.6020833333333333 0.059375 0.096875
2 0.6234375 0.7604166666666666 0.0640625 0.06458333333333334
2 0.6515625 0.678125 0.059375 0.078125
2 0.784375 0.6177083333333333 0.08203125 0.078125