1 0.27109375 0.465625 0.21875 0.203125
1 0.5 0.703125 0.2046875 0.25
1 0.50703125 0.5 0.184375 0.228125
1 0.69609375 0.4625 0.19921875 0.2604166666666667
1 0.68125 0.684375 0.18125 0.203125
1 0.3140625 0.6197916666666666 0.12109375 0.11770833333333333
1 0.41796875 0.3854166666666667 0.1671875 0.171875
1 0.45390625 0.23958333333333334 0.1703125 0.178125
1 0.93359375 0.5177083333333333 0.1265625 0.24270833333333333
1 0.8484375 0.06770833333333333 0.2453125 0.128125
1 0.80546875 0.221875 0.17578125 0.18541666666666667
1 0.67734375 0.06979166666666667 0.15 0.11770833333333333
2 0.665625 0.22708333333333333 0.1265625 0.18958333333333333