1 0.86015625 0.7604166666666666 0.27421875 0.3572916666666667
1 0.45546875 0.6375 0.228125 0.28229166666666666
1 0.584375 0.35520833333333335 0.215625 0.36041666666666666
1 0.39765625 0.390625 0.16953125 0.23958333333333334
1 0.18203125 0.3770833333333333 0.10234375 0.146875
1 0.25 0.47708333333333336 0.1359375 0.153125
2 0.3 0.6395833333333333 0.128125 0.25729166666666664
2 0.88046875 0.25729166666666664 0.05390625 0.09270833333333334
2 0.0515625 0.184375 0.0921875 0.13958333333333334
2 0.0578125 0.33229166666666665 0.10546875 0.11458333333333333
2 0.95625 0.275 0.071875 0.1