1 0.60078125 0.234375 0.14375 0.08958333333333333
1 0.496875 0.271875 0.1203125 0.071875
1 0.534375 0.365625 0.13828125 0.08229166666666667
1 0.603125 0.428125 0.14921875 0.078125
1 0.425 0.453125 0.1609375 0.071875
1 0.66640625 0.384375 0.103125 0.06770833333333333
1 0.52890625 0.5270833333333333 0.13828125 0.06770833333333333
1 0.5890625 0.5104166666666666 0.1203125 0.071875
1 0.3765625 0.5375 0.1203125 0.06041666666666667
1 0.4109375 0.6052083333333333 0.1203125 0.06770833333333333
1 0.5375 0.603125 0.109375 0.078125
1 0.50546875 0.671875 0.103125 0.06458333333333334
2 0.246875 0.8802083333333334 0.06875 0.046875
2 0.31640625 0.865625 0.06875 0.053125
2 0.34765625 0.8229166666666666 0.0859375 0.046875
2 0.396875 0.8625 0.0578125 0.053125
2 0.4859375 0.8625 0.09765625 0.053125
2 0.640625 0.7677083333333333 0.109375 0.06458333333333334
2 0.52265625 0.8125 0.0921875 0.053125
2 0.396875 0.784375 0.103125 0.053125
2 0.4421875 0.725 0.0921875 0.057291666666666664
2 0.678125 0.6947916666666667 0.08046875 0.03958333333333333
2 0.678125 0.640625 0.08046875 0.046875