2 0.42734375 0.19479166666666667 0.21171875 0.11145833333333334
2 0.77109375 0.08229166666666667 0.171875 0.11354166666666667
2 0.5703125 0.37604166666666666 0.18671875 0.12395833333333334
2 0.4140625 0.37916666666666665 0.2015625 0.11354166666666667
2 0.68671875 0.50625 0.1703125 0.1125
2 0.52734375 0.5208333333333334 0.178125 0.11145833333333334
2 0.44609375 0.615625 0.18828125 0.10208333333333333
2 0.5453125 0.6885416666666667 0.18671875 0.12083333333333333
2 0.7140625 0.65625 0.18203125 0.12291666666666666
2 0.74609375 0.7572916666666667 0.1546875 0.11041666666666666
2 0.36953125 0.7979166666666667 0.1546875 0.071875
2 0.6828125 0.8375 0.128125 0.071875
2 0.878125 0.8260416666666667 0.08359375 0.06979166666666667