2 0.43125 0.596875 0.0828125 0.12291666666666666
2 0.50625 0.515625 0.11484375 0.11458333333333333
2 0.62421875 0.6947916666666667 0.0765625 0.10520833333333333
2 0.70390625 0.7375 0.12734375 0.17708333333333334
2 0.5609375 0.375 0.09375 0.14166666666666666
2 0.5453125 0.253125 0.06640625 0.07916666666666666
2 0.6234375 0.25625 0.07265625 0.11666666666666667
2 0.64921875 0.46979166666666666 0.09375 0.1625
2 0.56640625 0.6145833333333334 0.1203125 0.16041666666666668
2 0.8546875 0.515625 0.07265625 0.134375
2 0.73046875 0.41770833333333335 0.09375 0.12604166666666666