1 0.17890625 0.671875 0.18671875 0.24270833333333333
1 0.36171875 0.7052083333333333 0.16328125 0.253125
1 0.4921875 0.6354166666666666 0.17109375 0.24270833333333333
1 0.309375 0.546875 0.1578125 0.10729166666666666
1 0.521875 0.19270833333333334 0.17890625 0.228125
1 0.77578125 0.7177083333333333 0.21015625 0.271875
1 0.56640625 0.3697916666666667 0.1890625 0.203125
1 0.6515625 0.5645833333333333 0.16328125 0.23541666666666666
1 0.6796875 0.29791666666666666 0.10078125 0.18229166666666666
1 0.82421875 0.6177083333333333 0.1453125 0.2
1 0.7640625 0.45729166666666665 0.1453125 0.21458333333333332