1 0.76875 0.796875 0.13046875 0.09583333333333334
1 0.690625 0.7677083333333333 0.10078125 0.07395833333333333
1 0.6609375 0.6572916666666667 0.09609375 0.05416666666666667
1 0.7796875 0.6729166666666667 0.15234375 0.07083333333333333
1 0.8 0.7375 0.11796875 0.046875
1 0.66875 0.7125 0.11796875 0.046875
1 0.70234375 0.45 0.125 0.07604166666666666
1 0.72421875 0.38125 0.1515625 0.07395833333333333
1 0.7640625 0.30833333333333335 0.1734375 0.09166666666666666
1 0.62109375 0.33645833333333336 0.1125 0.04479166666666667
1 0.59296875 0.4010416666666667 0.125 0.05
2 0.43046875 0.10208333333333333 0.1734375 0.10520833333333333
2 0.58125 0.4708333333333333 0.134375 0.07916666666666666
2 0.1625 0.51875 0.17578125 0.090625
2 0.0484375 0.53125 0.08515625 0.11458333333333333