1 0.28671875 0.7375 0.2484375 0.3260416666666667
1 0.3546875 0.43020833333333336 0.17890625 0.265625
1 0.55 0.7052083333333333 0.1828125 0.303125
1 0.43671875 0.5479166666666667 0.15859375 0.21041666666666667
1 0.7859375 0.81875 0.22890625 0.31666666666666665
1 0.7234375 0.6 0.2 0.2916666666666667
1 0.52421875 0.3958333333333333 0.14140625 0.221875
1 0.6734375 0.4 0.1875 0.35208333333333336
1 0.78203125 0.28958333333333336 0.1765625 0.31666666666666665
1 0.59140625 0.17916666666666667 0.18984375 0.221875
1 0.47421875 0.31875 0.19140625 0.2635416666666667