2 0.05859375 0.09895833333333333 0.1 0.18958333333333333
2 0.2265625 0.21666666666666667 0.0921875 0.22291666666666668
2 0.33515625 0.265625 0.08515625 0.22708333333333333
2 0.221875 0.6041666666666666 0.0984375 0.221875
2 0.2921875 0.48854166666666665 0.0859375 0.175
2 0.41328125 0.221875 0.09375 0.15729166666666666
2 0.334375 0.6677083333333333 0.10390625 0.184375
2 0.3640625 0.846875 0.06640625 0.14791666666666667
2 0.421875 0.7666666666666667 0.07890625 0.16354166666666667
2 0.43671875 0.4010416666666667 0.0890625 0.2125
2 0.50078125 0.3729166666666667 0.0734375 0.18958333333333333
2 0.6546875 0.3375 0.0578125 0.13854166666666667
2 0.746875 0.4739583333333333 0.05859375 0.07708333333333334
2 0.4984375 0.8010416666666667 0.0578125 0.10520833333333333
2 0.7328125 0.21875 0.05625 0.09166666666666666
2 0.740625 0.315625 0.05390625 0.10729166666666666