2 0.4828125 0.4010416666666667 0.06015625 0.09375
2 0.4484375 0.31875 0.0671875 0.09791666666666667
2 0.4203125 0.23958333333333334 0.08125 0.08020833333333334
2 0.4234375 0.165625 0.08125 0.09583333333333334
2 0.51796875 0.14479166666666668 0.0859375 0.09375
2 0.5234375 0.23645833333333333 0.0953125 0.09791666666666667
2 0.540625 0.3229166666666667 0.0765625 0.08229166666666667
2 0.5453125 0.38958333333333334 0.05625 0.07708333333333334
2 0.32109375 0.7510416666666667 0.07734375 0.103125
2 0.31640625 0.8552083333333333 0.07734375 0.075
2 0.38671875 0.6270833333333333 0.0609375 0.09895833333333333
2 0.33125 0.9270833333333334 0.0546875 0.05625
2 0.325 0.646875 0.07265625 0.09791666666666667
2 0.325 0.45729166666666665 0.07265625 0.10104166666666667
2 0.3859375 0.5052083333333334 0.05390625 0.084375