2 0.39765625 0.7364583333333333 0.21015625 0.16979166666666667
2 0.40859375 0.590625 0.21328125 0.13541666666666666
2 0.5484375 0.534375 0.21953125 0.140625
2 0.48125 0.3770833333333333 0.2421875 0.18541666666666667
2 0.41171875 0.125 0.22265625 0.14791666666666667
2 0.08359375 0.7458333333333333 0.14296875 0.12395833333333334
2 0.84921875 0.7854166666666667 0.1 0.1
2 0.315625 0.44375 0.178125 0.12395833333333334
2 0.30703125 0.515625 0.21171875 0.10416666666666667
2 0.7546875 0.45625 0.15625 0.15
2 0.64609375 0.3 0.12421875 0.12708333333333333
2 0.25078125 0.2625 0.20078125 0.11979166666666667