2 0.19140625 0.6489583333333333 0.09765625 0.19479166666666667
2 0.26953125 0.53125 0.0765625 0.13541666666666666
2 0.0734375 0.14270833333333333 0.0921875 0.184375
2 0.2171875 0.265625 0.0734375 0.18958333333333333
2 0.14375 0.14791666666666667 0.08984375 0.14583333333333334
2 0.3125 0.321875 0.075 0.178125
2 0.3921875 0.28229166666666666 0.0734375 0.13333333333333333
2 0.4109375 0.44479166666666664 0.0703125 0.1875
2 0.46484375 0.43854166666666666 0.06015625 0.159375
2 0.50625 0.44479166666666664 0.03984375 0.16458333333333333
2 0.30390625 0.70625 0.0625 0.15208333333333332
2 0.26953125 0.825 0.0640625 0.12708333333333333
2 0.37265625 0.81875 0.06015625 0.13645833333333332
2 0.31796875 0.8927083333333333 0.0484375 0.14583333333333334
2 0.4359375 0.8791666666666667 0.04375 0.09895833333333333
2 0.603125 0.43333333333333335 0.0515625 0.07916666666666666
2 0.68984375 0.315625 0.0546875 0.084375
2 0.67578125 0.4083333333333333 0.04609375 0.08854166666666667
2 0.67578125 0.5864583333333333 0.0390625 0.06979166666666667