1 0.22890625 0.690625 0.10390625 0.14375
1 0.28515625 0.7572916666666667 0.09453125 0.13958333333333334
1 0.3421875 0.7125 0.0859375 0.115625
1 0.403125 0.6979166666666666 0.075 0.11979166666666667
1 0.40546875 0.6010416666666667 0.08984375 0.10833333333333334
1 0.4875 0.5645833333333333 0.0828125 0.103125
1 0.47109375 0.6760416666666667 0.0640625 0.08125
1 0.4546875 0.93125 0.06875 0.08854166666666667
1 0.49921875 0.9145833333333333 0.05625 0.084375
1 0.53828125 0.8885416666666667 0.0578125 0.103125
1 0.240625 0.6010416666666667 0.071875 0.07916666666666666
1 0.61171875 0.59375 0.0765625 0.11770833333333333
1 0.59453125 0.271875 0.0578125 0.08854166666666667
2 0.23828125 0.825 0.0828125 0.11979166666666667
2 0.3359375 0.84375 0.078125 0.10104166666666667
2 0.4671875 0.7604166666666666 0.08125 0.09583333333333334
2 0.53515625 0.64375 0.0765625 0.12708333333333333
2 0.59609375 0.7052083333333333 0.08984375 0.11979166666666667
2 0.1875 0.21458333333333332 0.11640625 0.165625
2 0.33203125 0.14895833333333333 0.11484375 0.15833333333333333
2 0.30234375 0.30833333333333335 0.12265625 0.16041666666666668
2 0.38515625 0.25104166666666666 0.09609375 0.15625
2 0.57734375 0.06979166666666667 0.09140625 0.12916666666666668
2 0.62578125 0.17395833333333333 0.084375 0.103125
2 0.6875 0.15 0.065625 0.121875
2 0.48828125 0.38229166666666664 0.05234375 0.07916666666666666
2 0.54296875 0.38958333333333334 0.04765625 0.08854166666666667