1 0.65859375 0.15 0.17265625 0.22395833333333334
1 0.5640625 0.2916666666666667 0.15 0.221875
1 0.4640625 0.41041666666666665 0.14765625 0.21875
1 0.8828125 0.35833333333333334 0.17734375 0.28229166666666666
1 0.7125 0.45625 0.175 0.24270833333333333
1 0.59765625 0.6 0.1546875 0.23958333333333334
1 0.49453125 0.7020833333333333 0.14140625 0.21458333333333332
2 0.2640625 0.8208333333333333 0.0890625 0.11666666666666667
2 0.2984375 0.7145833333333333 0.0984375 0.13020833333333334
2 0.33125 0.6489583333333333 0.12734375 0.16770833333333332
2 0.43671875 0.7927083333333333 0.11875 0.15104166666666666
2 0.38125 0.890625 0.125 0.16979166666666667