1 0.375 0.12395833333333334 0.1234375 0.15625
1 0.30078125 0.2677083333333333 0.1390625 0.178125
1 0.20625 0.28125 0.11171875 0.13958333333333334
1 0.2234375 0.446875 0.121875 0.16666666666666666
1 0.2015625 0.575 0.11484375 0.14479166666666668
1 0.18828125 0.69375 0.1015625 0.11770833333333333
1 0.28125 0.646875 0.08359375 0.11770833333333333
1 0.4375 0.48333333333333334 0.128125 0.14583333333333334
1 0.39375 0.621875 0.1171875 0.159375
1 0.3796875 0.7625 0.1234375 0.15416666666666667
1 0.45 0.2864583333333333 0.1078125 0.17291666666666666
1 0.5578125 0.2625 0.1296875 0.178125
1 0.5609375 0.421875 0.1078125 0.153125
1 0.665625 0.3 0.09921875 0.18333333333333332
1 0.6296875 0.628125 0.1390625 0.17291666666666666
1 0.61484375 0.5416666666666666 0.1140625 0.14583333333333334
1 0.71484375 0.45 0.1296875 0.18229166666666666
1 0.89453125 0.721875 0.09140625 0.15520833333333334
1 0.6328125 0.7614583333333333 0.1265625 0.153125
1 0.7671875 0.8833333333333333 0.11484375 0.14583333333333334
1 0.90625 0.9072916666666667 0.08984375 0.15729166666666666
2 0.1375 0.8104166666666667 0.08203125 0.10729166666666666
2 0.18125 0.8 0.05 0.09583333333333334
2 0.84921875 0.08645833333333333 0.071875 0.10520833333333333
1 0.96640625 0.7489583333333333 0.06640625 0.13958333333333334
1 0.24453125 0.803125 0.09296875 0.121875
1 0.61640625 0.9270833333333334 0.0984375 0.12708333333333333
1 0.32578125 0.9 0.09921875 0.10729166666666666
1 0.7765625 0.05520833333333333 0.1140625 0.09166666666666666