1 0.43359375 0.41041666666666665 0.22265625 0.30625
1 0.7109375 0.4114583333333333 0.30390625 0.42916666666666664
1 0.1640625 0.621875 0.15390625 0.20104166666666667
1 0.32109375 0.55625 0.1078125 0.13333333333333333
1 0.2890625 0.38333333333333336 0.10234375 0.15208333333333332
1 0.4703125 0.6895833333333333 0.1046875 0.20104166666666667
1 0.540625 0.5875 0.13125 0.12395833333333334
1 0.603125 0.65 0.15625 0.16354166666666667
1 0.76328125 0.6989583333333333 0.1609375 0.18541666666666667
1 0.85390625 0.6083333333333333 0.1421875 0.203125
1 0.94140625 0.7458333333333333 0.11484375 0.18541666666666667