1 0.3921875 0.09791666666666667 0.0921875 0.103125
1 0.41640625 0.21458333333333332 0.0796875 0.10729166666666666
1 0.4296875 0.3229166666666667 0.0796875 0.103125
1 0.2921875 0.23541666666666666 0.0875 0.121875
1 0.26796875 0.11770833333333333 0.084375 0.10729166666666666
1 0.3421875 0.325 0.08984375 0.09270833333333334
1 0.36015625 0.409375 0.084375 0.103125
1 0.2359375 0.3229166666666667 0.06171875 0.096875
1 0.3015625 0.4 0.07421875 0.09270833333333334
2 0.2765625 0.478125 0.06640625 0.1
2 0.20390625 0.4197916666666667 0.05859375 0.06770833333333333
2 0.38203125 0.515625 0.0875 0.103125
2 0.38984375 0.6052083333333333 0.0921875 0.08958333333333333
2 0.46171875 0.515625 0.0765625 0.096875
2 0.471875 0.615625 0.06171875 0.08229166666666667
2 0.5203125 0.65 0.06640625 0.10729166666666666
2 0.46171875 0.7645833333333333 0.05625 0.071875
2 0.25625 0.5552083333333333 0.0875 0.11041666666666666
2 0.165625 0.640625 0.0640625 0.08958333333333333