1 0.30234375 0.421875 0.17734375 0.24895833333333334
1 0.4296875 0.3229166666666667 0.1375 0.22604166666666667
1 0.38984375 0.603125 0.14765625 0.24895833333333334
1 0.51953125 0.5625 0.15390625 0.20520833333333333
1 0.59453125 0.7354166666666667 0.14375 0.22291666666666668
1 0.74140625 0.23854166666666668 0.19765625 0.2864583333333333
1 0.175 0.11145833333333334 0.12265625 0.17708333333333334
1 0.5296875 0.16666666666666666 0.15 0.190625
1 0.95078125 0.16458333333333333 0.09609375 0.24270833333333333
2 0.175 0.328125 0.0796875 0.14375
2 0.6171875 0.9479166666666666 0.09609375 0.10104166666666667