2 0.18984375 0.7635416666666667 0.13984375 0.20833333333333334
2 0.29765625 0.7104166666666667 0.11328125 0.20520833333333333
2 0.31328125 0.515625 0.12265625 0.171875
2 0.31015625 0.3927083333333333 0.14609375 0.19270833333333334
2 0.39609375 0.32083333333333336 0.06171875 0.10625
2 0.4453125 0.20104166666666667 0.09296875 0.196875
2 0.38046875 0.21770833333333334 0.12890625 0.18854166666666666
2 0.4125 0.771875 0.12578125 0.19791666666666666
2 0.5890625 0.696875 0.14609375 0.20104166666666667
2 0.56171875 0.5229166666666667 0.14296875 0.18645833333333334
2 0.71328125 0.503125 0.15703125 0.234375