1 0.6359375 0.246875 0.14765625 0.14583333333333334
1 0.6796875 0.071875 0.10546875 0.12604166666666666
1 0.8 0.390625 0.14140625 0.16770833333333332
1 0.640625 0.378125 0.14609375 0.16770833333333332
1 0.72109375 0.171875 0.1203125 0.14270833333333333
1 0.809375 0.259375 0.1109375 0.14166666666666666
1 0.92265625 0.303125 0.1296875 0.20833333333333334
1 0.903125 0.11770833333333333 0.0828125 0.13020833333333334
1 0.78203125 0.13229166666666667 0.1046875 0.12916666666666668
1 0.80078125 0.053125 0.1 0.078125
1 0.625 0.7447916666666666 0.12734375 0.20520833333333333
1 0.71875 0.8708333333333333 0.15234375 0.21145833333333333
1 0.80078125 0.6614583333333334 0.1640625 0.23333333333333334
1 0.8984375 0.84375 0.15078125 0.240625
1 0.58359375 0.9177083333333333 0.1359375 0.15416666666666667
1 0.9421875 0.7020833333333333 0.11328125 0.215625
1 0.5640625 0.6 0.10859375 0.146875