1 0.07109375 0.48541666666666666 0.1203125 0.25625
1 0.184375 0.5916666666666667 0.1234375 0.27708333333333335
1 0.34140625 0.46041666666666664 0.16171875 0.3333333333333333
1 0.44609375 0.675 0.20625 0.3229166666666667
1 0.34609375 0.7479166666666667 0.14296875 0.31666666666666665
1 0.440625 0.24375 0.15390625 0.31354166666666666
1 0.61875 0.7083333333333334 0.0765625 0.196875
1 0.48984375 0.853125 0.14765625 0.27291666666666664
1 0.8640625 0.525 0.14453125 0.2635416666666667
1 0.83828125 0.21145833333333333 0.13046875 0.26979166666666665
1 0.93359375 0.321875 0.12734375 0.22291666666666668