1 0.584375 0.6729166666666667 0.20234375 0.125
1 0.52421875 0.578125 0.22890625 0.1125
1 0.45234375 0.678125 0.17109375 0.11458333333333333
1 0.53828125 0.7583333333333333 0.20546875 0.103125
1 0.53046875 0.44166666666666665 0.19765625 0.12916666666666668
1 0.35234375 0.3125 0.190625 0.15416666666666667
1 0.55859375 0.30833333333333335 0.22109375 0.13125
1 0.765625 0.30520833333333336 0.2453125 0.12604166666666666
1 0.84140625 0.5197916666666667 0.25625 0.1375
1 0.77265625 0.43020833333333336 0.15234375 0.134375
1 0.1234375 0.7802083333333333 0.1765625 0.12395833333333334
1 0.08984375 0.8572916666666667 0.16484375 0.0875
1 0.35234375 0.1375 0.21953125 0.11145833333333334