2 0.21015625 0.7864583333333334 0.17109375 0.21354166666666666
2 0.11640625 0.6541666666666667 0.16640625 0.19895833333333332
2 0.3453125 0.684375 0.16640625 0.21041666666666667
2 0.24140625 0.559375 0.153125 0.18645833333333334
2 0.13359375 0.45729166666666665 0.15078125 0.20729166666666668
2 0.38359375 0.5010416666666667 0.14453125 0.16041666666666668
2 0.27421875 0.39895833333333336 0.14453125 0.16875
2 0.1734375 0.30833333333333335 0.12421875 0.171875
2 0.2796875 0.234375 0.12890625 0.14791666666666667
2 0.3796875 0.325 0.1375 0.18645833333333334
2 0.71640625 0.7229166666666667 0.13125 0.14583333333333334
2 0.65078125 0.6375 0.10234375 0.13645833333333332
2 0.628125 0.49583333333333335 0.13984375 0.14270833333333333
2 0.62578125 0.3541666666666667 0.11328125 0.13958333333333334
2 0.7359375 0.4270833333333333 0.12421875 0.16666666666666666
2 0.79921875 0.5729166666666666 0.1359375 0.18958333333333333
2 0.67890625 0.2520833333333333 0.10859375 0.171875
2 0.77109375 0.31354166666666666 0.09765625 0.10416666666666667
2 0.8 0.20729166666666668 0.09765625 0.1125
2 0.8578125 0.30520833333333336 0.09765625 0.1125
2 0.89296875 0.4479166666666667 0.15546875 0.16666666666666666
2 0.9203125 0.6041666666666666 0.12421875 0.15729166666666666
2 0.83671875 0.7270833333333333 0.10859375 0.13645833333333332