2 0.25234375 0.21875 0.0578125 0.05520833333333333
2 0.26640625 0.22604166666666667 0.0171875 0.028125
2 0.27734375 0.17291666666666666 0.02734375 0.052083333333333336
2 0.29453125 0.225 0.03125 0.046875
2 0.4421875 0.17083333333333334 0.05390625 0.06145833333333333
2 0.4828125 0.15520833333333334 0.04375 0.06041666666666667
2 0.4125 0.42916666666666664 0.03515625 0.06145833333333333
2 0.3890625 0.38333333333333336 0.0453125 0.06041666666666667
2 0.4140625 0.2864583333333333 0.0390625 0.05
1 0.31953125 0.16041666666666668 0.06640625 0.07291666666666667
1 0.3484375 0.225 0.05390625 0.06979166666666667
1 0.3984375 0.221875 0.0515625 0.06354166666666666
2 0.446875 0.23645833333333333 0.0484375 0.05
1 0.46796875 0.39895833333333336 0.06875 0.06458333333333334