2 0.08984375 0.6427083333333333 0.0421875 0.041666666666666664
2 0.0921875 0.59375 0.04375 0.041666666666666664
2 0.0921875 0.478125 0.0421875 0.053125
2 0.0703125 0.55625 0.03984375 0.035416666666666666
2 0.2125 0.5947916666666667 0.0328125 0.03958333333333333
2 0.16640625 0.7104166666666667 0.0375 0.04375
2 0.1625 0.6072916666666667 0.02734375 0.04479166666666667
2 0.1421875 0.5302083333333333 0.0359375 0.046875
2 0.21015625 0.41770833333333335 0.02734375 0.041666666666666664
2 0.2765625 0.596875 0.0421875 0.05
2 0.39765625 0.40208333333333335 0.03515625 0.03958333333333333
2 0.3859375 0.43125 0.0390625 0.035416666666666666
2 0.4296875 0.29791666666666666 0.0328125 0.05520833333333333
2 0.3796875 0.2989583333333333 0.03125 0.04479166666666667
2 0.5390625 0.18645833333333334 0.0265625 0.046875
2 0.453125 0.45416666666666666 0.03125 0.04479166666666667
2 0.50625 0.134375 0.02734375 0.03125
2 0.5984375 0.421875 0.0328125 0.06354166666666666
2 0.603125 0.290625 0.03125 0.04791666666666667
2 0.58515625 0.22708333333333333 0.03515625 0.052083333333333336
2 0.63046875 0.15208333333333332 0.03125 0.046875
2 0.215625 0.50625 0.03125 0.03125
2 0.1328125 0.35625 0.04609375 0.041666666666666664
2 0.65546875 0.47291666666666665 0.01875 0.03125
2 0.65 0.3885416666666667 0.02734375 0.019791666666666666