2 0.4828125 0.5666666666666667 0.11015625 0.16875
2 0.25078125 0.440625 0.05390625 0.075
2 0.28984375 0.5166666666666667 0.08984375 0.121875
2 0.2296875 0.14583333333333334 0.08515625 0.09895833333333333
2 0.6890625 0.540625 0.07109375 0.08645833333333333
2 0.753125 0.4979166666666667 0.05859375 0.08020833333333334
2 0.6671875 0.08958333333333333 0.08515625 0.09583333333333334
2 0.14921875 0.5125 0.04375 0.06354166666666666
2 0.74140625 0.6197916666666666 0.06484375 0.07291666666666667
2 0.746875 0.5645833333333333 0.04140625 0.04479166666666667
2 0.66484375 0.2875 0.06015625 0.09166666666666666
2 0.62734375 0.42291666666666666 0.06015625 0.065625
2 0.6296875 0.6229166666666667 0.0296875 0.06041666666666667
2 0.94140625 0.24791666666666667 0.0625 0.08645833333333333
2 0.9453125 0.34270833333333334 0.06015625 0.08854166666666667