2 0.55390625 0.5229166666666667 0.075 0.042708333333333334
2 0.565625 0.4739583333333333 0.08515625 0.05416666666666667
2 0.253125 0.465625 0.11328125 0.06979166666666667
2 0.1984375 0.37395833333333334 0.1234375 0.06354166666666666
2 0.77578125 0.4739583333333333 0.075 0.046875
2 0.534375 0.771875 0.078125 0.05625
2 0.53984375 0.7302083333333333 0.103125 0.04375
2 0.859375 0.2989583333333333 0.13828125 0.06145833333333333
2 0.68203125 0.20833333333333334 0.103125 0.04791666666666667
1 0.15234375 0.115625 0.1015625 0.06041666666666667
1 0.253125 0.13854166666666667 0.08671875 0.05520833333333333
1 0.4234375 0.8760416666666667 0.1296875 0.08020833333333334
1 0.225 0.5291666666666667 0.06640625 0.04479166666666667
1 0.61015625 0.25104166666666666 0.09296875 0.07291666666666667
2 0.27578125 0.3145833333333333 0.1515625 0.07291666666666667
2 0.6859375 0.3229166666666667 0.0984375 0.06458333333333334
2 0.6515625 0.5385416666666667 0.1 0.08645833333333333
2 0.55 0.840625 0.05703125 0.04583333333333333
2 0.521875 0.89375 0.1265625 0.09270833333333334