2 0.359375 0.39791666666666664 0.3515625 0.41875
2 0.1234375 0.5572916666666666 0.2109375 0.2625
2 0.4703125 0.7739583333333333 0.2375 0.2791666666666667
2 0.81796875 0.42291666666666666 0.3140625 0.2916666666666667
2 0.63828125 0.16145833333333334 0.2140625 0.28541666666666665
2 0.33828125 0.140625 0.1765625 0.19375
2 0.12265625 0.19375 0.2171875 0.378125
2 0.2359375 0.809375 0.29609375 0.3458333333333333
2 0.64375 0.7239583333333334 0.2875 0.29375
2 0.91171875 0.6635416666666667 0.1734375 0.30416666666666664
2 0.8265625 0.88125 0.29140625 0.234375
2 0.9140625 0.3 0.16875 0.2760416666666667