2 0.18125 0.09479166666666666 0.1546875 0.15625
2 0.39140625 0.08958333333333333 0.0796875 0.11666666666666667
2 0.3453125 0.23125 0.09609375 0.121875
2 0.62265625 0.38958333333333334 0.14765625 0.16875
2 0.37734375 0.37604166666666666 0.0671875 0.078125
2 0.42734375 0.6270833333333333 0.1 0.11145833333333334
2 0.5640625 0.78125 0.1140625 0.178125
2 0.6734375 0.8125 0.14140625 0.18125
2 0.7015625 0.5854166666666667 0.1359375 0.19166666666666668
2 0.68984375 0.9552083333333333 0.0875 0.08645833333333333
2 0.8078125 0.5697916666666667 0.08984375 0.14375
2 0.88046875 0.30625 0.0515625 0.1
2 0.3875 0.46458333333333335 0.06015625 0.1
1 0.2265625 0.6072916666666667 0.2609375 0.371875
2 0.88828125 0.5364583333333334 0.07890625 0.1