0 0.26875 0.6583333333333333 0.1921875 0.24375
0 0.44609375 0.66875 0.1296875 0.16354166666666667
0 0.81328125 0.7020833333333333 0.18125 0.315625
0 0.73125 0.4510416666666667 0.26015625 0.3625
0 0.42578125 0.14375 0.2109375 0.2604166666666667
0 0.51875 0.3875 0.225 0.4375
0 0.31015625 0.375 0.27265625 0.4010416666666667
0 0.12421875 0.49166666666666664 0.19140625 0.26979166666666665
0 0.09140625 0.21458333333333332 0.1703125 0.35104166666666664
0 0.25546875 0.096875 0.1609375 0.17083333333333334
0 0.62890625 0.11875 0.2453125 0.19375
0 0.890625 0.14479166666666668 0.21640625 0.24375
0 0.8578125 0.340625 0.23359375 0.39166666666666666