0 0.225 0.8802083333333334 0.19765625 0.19479166666666667
0 0.42265625 0.675 0.13515625 0.203125
0 0.28203125 0.703125 0.16640625 0.16666666666666666
0 0.4984375 0.178125 0.19375 0.3
0 0.46875 0.44895833333333335 0.27265625 0.25729166666666664
0 0.2484375 0.5041666666666667 0.16875 0.234375
0 0.06015625 0.825 0.1125 0.25104166666666666
0 0.15078125 0.7427083333333333 0.07890625 0.16145833333333334
0 0.10078125 0.5802083333333333 0.16640625 0.23229166666666667
0 0.1265625 0.3375 0.1890625 0.27395833333333336
0 0.3109375 0.23958333333333334 0.20390625 0.2833333333333333
0 0.1703125 0.10208333333333333 0.18515625 0.19375