2 0.4859375 0.4875 0.12890625 0.07604166666666666
2 0.571875 0.5291666666666667 0.08359375 0.07083333333333333
2 0.73828125 0.528125 0.05859375 0.04583333333333333
2 0.65625 0.4947916666666667 0.12890625 0.065625
2 0.5578125 0.44166666666666665 0.11171875 0.05
2 0.79296875 0.4322916666666667 0.1 0.06770833333333333
2 0.70078125 0.38958333333333334 0.1375 0.07916666666666666
2 0.84921875 0.3489583333333333 0.053125 0.03958333333333333
2 0.86015625 0.4125 0.06875 0.05416666666666667
2 0.509375 0.34479166666666666 0.12578125 0.0625
2 0.40390625 0.35625 0.10546875 0.07916666666666666
2 0.38046875 0.41041666666666665 0.0515625 0.034375
2 0.51171875 0.23333333333333334 0.10390625 0.07083333333333333
2 0.4203125 0.290625 0.11875 0.04375