2 0.03359375 0.628125 0.0421875 0.09375
2 0.15625 0.6677083333333333 0.08515625 0.09375
2 0.196875 0.7072916666666667 0.05390625 0.06354166666666666
2 0.28203125 0.7729166666666667 0.0515625 0.08958333333333333
2 0.2140625 0.80625 0.0640625 0.06979166666666667
2 0.6453125 0.5354166666666667 0.03125 0.058333333333333334
2 0.73515625 0.5333333333333333 0.0421875 0.08645833333333333
2 0.7515625 0.640625 0.0484375 0.084375
2 0.7984375 0.6364583333333333 0.03984375 0.06979166666666667
2 0.80859375 0.734375 0.0625 0.09166666666666666
2 0.83046875 0.796875 0.0484375 0.052083333333333336