1 0.6484375 0.546875 0.15234375 0.24166666666666667
2 0.1828125 0.6197916666666666 0.15 0.246875
2 0.334375 0.49270833333333336 0.21875 0.3854166666666667
2 0.10234375 0.840625 0.17265625 0.28541666666666665
2 0.21484375 0.8010416666666667 0.0921875 0.14166666666666666
2 0.3078125 0.746875 0.1125 0.14375
2 0.328125 0.8947916666666667 0.14140625 0.14479166666666668
2 0.4546875 0.7447916666666666 0.1921875 0.2552083333333333
2 0.43515625 0.925 0.11015625 0.11145833333333334
2 0.6640625 0.75625 0.1171875 0.16979166666666667
2 0.57265625 0.6885416666666667 0.10234375 0.165625
2 0.5796875 0.890625 0.1046875 0.18125
2 0.78984375 0.8052083333333333 0.1703125 0.265625
2 0.925 0.8552083333333333 0.11484375 0.209375
2 0.89921875 0.5979166666666667 0.17890625 0.31666666666666665
2 0.74296875 0.6197916666666666 0.0765625 0.10416666666666667
2 0.7953125 0.553125 0.04609375 0.08333333333333333
2 0.753125 0.4895833333333333 0.07890625 0.11145833333333334
2 0.9078125 0.3458333333333333 0.1828125 0.29583333333333334
2 0.75859375 0.19166666666666668 0.1078125 0.134375
2 0.7421875 0.33645833333333336 0.15859375 0.17916666666666667
2 0.6171875 0.39375 0.08984375 0.11145833333333334
2 0.60703125 0.21979166666666666 0.16875 0.23541666666666666
2 0.5046875 0.41875 0.125 0.253125
2 0.059375 0.5708333333333333 0.1140625 0.23958333333333334
2 0.4578125 0.5572916666666666 0.07734375 0.12291666666666666