1 0.4359375 0.390625 0.0765625 0.09375
1 0.51875 0.471875 0.07734375 0.10729166666666666
1 0.3390625 0.471875 0.05625 0.084375
1 0.36171875 0.5770833333333333 0.06640625 0.07291666666666667
1 0.62734375 0.509375 0.04765625 0.084375
1 0.43046875 0.56875 0.05390625 0.08229166666666667
2 0.40625 0.66875 0.0703125 0.07708333333333334
2 0.525 0.703125 0.0578125 0.08229166666666667
2 0.50390625 0.646875 0.0453125 0.075
1 0.53515625 0.6 0.05234375 0.05625
2 0.6109375 0.70625 0.05 0.058333333333333334
1 0.67265625 0.6270833333333333 0.0625 0.08645833333333333
2 0.5875 0.6375 0.0578125 0.09375