2 0.2625 0.5260416666666666 0.08515625 0.15520833333333334
2 0.4984375 0.503125 0.10859375 0.184375
2 0.7171875 0.5072916666666667 0.13359375 0.20833333333333334
1 0.271875 0.8677083333333333 0.16640625 0.190625
1 0.49765625 0.8479166666666667 0.1921875 0.24583333333333332
1 0.7234375 0.84375 0.16875 0.253125
1 0.02109375 0.9729166666666667 0.03515625 0.051041666666666666
1 0.96328125 0.9572916666666667 0.07109375 0.08020833333333334
2 0.4515625 0.17916666666666667 0.04609375 0.08645833333333333
2 0.53203125 0.19375 0.0390625 0.07708333333333334
2 0.715625 0.21458333333333332 0.0734375 0.090625
2 0.01015625 0.6041666666666666 0.0171875 0.026041666666666668
2 0.021875 0.6333333333333333 0.02109375 0.04479166666666667
2 0.05390625 0.7958333333333333 0.0328125 0.059375