2 0.6734375 0.7677083333333333 0.0734375 0.078125
2 0.67734375 0.5072916666666667 0.0546875 0.10208333333333333
2 0.73515625 0.5208333333333334 0.05 0.07604166666666666
2 0.609375 0.5104166666666666 0.0515625 0.08229166666666667
2 0.5859375 0.38333333333333336 0.04765625 0.09375
2 0.64453125 0.390625 0.05390625 0.09791666666666667
2 0.7 0.3885416666666667 0.05 0.11041666666666666
2 0.759375 0.39166666666666666 0.08125 0.11770833333333333
2 0.56953125 0.7979166666666667 0.05390625 0.08229166666666667
2 0.6953125 0.9 0.0546875 0.07395833333333333
2 0.72578125 0.83125 0.0515625 0.07604166666666666
2 0.33984375 0.178125 0.0546875 0.1
2 0.88203125 0.7572916666666667 0.06640625 0.10625
2 0.90234375 0.8552083333333333 0.0625 0.09375
2 0.95078125 0.7 0.08359375 0.1
2 0.94609375 0.7947916666666667 0.0671875 0.084375
2 0.9234375 0.9270833333333334 0.0515625 0.09375
2 0.97578125 0.88125 0.04609375 0.10208333333333333