2 0.4625 0.5364583333333334 0.08515625 0.05520833333333333
2 0.54453125 0.5291666666666667 0.08203125 0.05416666666666667
2 0.41953125 0.5072916666666667 0.08828125 0.036458333333333336
2 0.65234375 0.171875 0.0515625 0.03333333333333333
2 0.721875 0.12604166666666666 0.08671875 0.05625
2 0.6953125 0.19583333333333333 0.05 0.03958333333333333
2 0.5609375 0.18020833333333333 0.04140625 0.028125
1 0.784375 0.5510416666666667 0.06484375 0.042708333333333334
1 0.4203125 0.44375 0.1 0.05625
1 0.5265625 0.43125 0.08359375 0.051041666666666666
1 0.553125 0.4791666666666667 0.096875 0.052083333333333336