2 0.575 0.6625 0.1453125 0.20625
2 0.67421875 0.578125 0.15390625 0.240625
2 0.6796875 0.33541666666666664 0.2109375 0.3072916666666667
2 0.4265625 0.86875 0.0890625 0.13541666666666666
2 0.346875 0.9302083333333333 0.0984375 0.12395833333333334
2 0.2109375 0.7760416666666666 0.0734375 0.08854166666666667
2 0.36875 0.4479166666666667 0.0875 0.12916666666666668
2 0.3015625 0.390625 0.1015625 0.10104166666666667
2 0.24609375 0.6677083333333333 0.06015625 0.10833333333333334
2 0.2171875 0.19375 0.0671875 0.09895833333333333
2 0.27109375 0.16041666666666668 0.0703125 0.103125