2 0.0859375 0.8052083333333333 0.1359375 0.18020833333333333
2 0.2375 0.7552083333333334 0.1953125 0.26666666666666666
2 0.45234375 0.8458333333333333 0.2328125 0.25833333333333336
2 0.2546875 0.5625 0.11015625 0.11145833333333334
2 0.2796875 0.41875 0.1484375 0.19791666666666666
2 0.0671875 0.45416666666666666 0.12265625 0.13125
2 0.5328125 0.5479166666666667 0.1796875 0.23645833333333333
2 0.6109375 0.7166666666666667 0.17265625 0.16666666666666666
2 0.69765625 0.8625 0.175 0.20208333333333334
2 0.9015625 0.83125 0.19375 0.30625
2 0.1015625 0.34791666666666665 0.1140625 0.11041666666666666
2 0.4328125 0.346875 0.14375 0.21041666666666667
2 0.71796875 0.403125 0.1765625 0.21666666666666667
2 0.2453125 0.16354166666666667 0.16640625 0.196875