2 0.1734375 0.6395833333333333 0.1640625 0.19895833333333332
2 0.196875 0.45 0.1359375 0.19895833333333332
2 0.0796875 0.39166666666666666 0.13984375 0.178125
2 0.4734375 0.5072916666666667 0.1125 0.19375
2 0.2953125 0.621875 0.10859375 0.15520833333333334
2 0.63828125 0.48333333333333334 0.0859375 0.17083333333333334
2 0.23359375 0.265625 0.1046875 0.14791666666666667
2 0.3671875 0.22916666666666666 0.1171875 0.16875
2 0.33671875 0.3416666666666667 0.12109375 0.13854166666666667
2 0.4078125 0.6322916666666667 0.12109375 0.14583333333333334
2 0.60703125 0.6114583333333333 0.09375 0.15
2 0.76171875 0.48541666666666666 0.0734375 0.13333333333333333
2 0.50390625 0.08125 0.1171875 0.12604166666666666