1 0.4671875 0.17395833333333333 0.07890625 0.14270833333333333
1 0.3421875 0.5979166666666667 0.0859375 0.13645833333333332
1 0.33359375 0.715625 0.06484375 0.08958333333333333
1 0.40625 0.6927083333333334 0.0625 0.10520833333333333
1 0.3953125 0.14375 0.06875 0.140625
2 0.315625 0.246875 0.0734375 0.12395833333333334
2 0.3875 0.32708333333333334 0.06484375 0.11458333333333333
2 0.5203125 0.653125 0.05625 0.13333333333333333
2 0.38515625 0.7854166666666667 0.04765625 0.09583333333333334
2 0.5953125 0.7302083333333333 0.05390625 0.10104166666666667
2 0.83828125 0.6916666666666667 0.07109375 0.13645833333333332
2 0.7828125 0.7541666666666667 0.0734375 0.10520833333333333
2 0.80703125 0.8354166666666667 0.06640625 0.10104166666666667
2 0.74609375 0.9239583333333333 0.0625 0.09583333333333334