2 0.41484375 0.684375 0.1078125 0.1875
2 0.28671875 0.5354166666666667 0.0734375 0.11041666666666666
2 0.36484375 0.5333333333333333 0.0796875 0.11770833333333333
2 0.2546875 0.4083333333333333 0.1078125 0.14791666666666667
2 0.31875 0.28958333333333336 0.12734375 0.18229166666666666
2 0.43359375 0.28125 0.11484375 0.17604166666666668
2 0.2875 0.1125 0.1078125 0.19166666666666668
2 0.4125 0.11770833333333333 0.1296875 0.17083333333333334
2 0.55078125 0.21979166666666666 0.15625 0.19479166666666667
2 0.50703125 0.359375 0.1109375 0.11770833333333333
2 0.49375 0.7614583333333333 0.1 0.13854166666666667
2 0.5265625 0.9166666666666666 0.0984375 0.121875
2 0.571875 0.81875 0.0734375 0.09895833333333333
2 0.66015625 0.85625 0.1578125 0.17083333333333334
2 0.5890625 0.721875 0.09765625 0.12916666666666668
2 0.6328125 0.603125 0.0875 0.11458333333333333
2 0.5109375 0.61875 0.12265625 0.17604166666666668
2 0.63671875 0.48020833333333335 0.10390625 0.13125
2 0.53828125 0.48020833333333335 0.0890625 0.12395833333333334
2 0.7 0.3854166666666667 0.0953125 0.16666666666666666
2 0.8234375 0.47604166666666664 0.13125 0.14583333333333334
2 0.72109375 0.53125 0.0953125 0.11979166666666667
2 0.8046875 0.5864583333333333 0.0609375 0.06979166666666667