2 0.87890625 0.5989583333333334 0.0171875 0.035416666666666666
2 0.878125 0.5666666666666667 0.0234375 0.03333333333333333
2 0.8765625 0.5260416666666666 0.03125 0.042708333333333334
2 0.8828125 0.49895833333333334 0.0328125 0.041666666666666664
2 0.8875 0.45208333333333334 0.0296875 0.03333333333333333
2 0.89453125 0.4 0.0265625 0.041666666666666664
2 0.91328125 0.6177083333333333 0.02109375 0.035416666666666666
2 0.90625 0.5833333333333334 0.02265625 0.041666666666666664
2 0.91015625 0.5489583333333333 0.025 0.046875
2 0.7640625 0.45416666666666666 0.04765625 0.19166666666666668
2 0.9109375 0.51875 0.0265625 0.046875