2 0.57109375 0.74375 0.121875 0.08229166666666667
2 0.759375 0.703125 0.24140625 0.1125
2 0.38515625 0.6239583333333333 0.1703125 0.153125
2 0.4984375 0.66875 0.153125 0.09791666666666667
2 0.14140625 0.46979166666666666 0.15703125 0.084375
2 0.26171875 0.41458333333333336 0.146875 0.1125
2 0.42421875 0.41041666666666665 0.1984375 0.10208333333333333
2 0.21796875 0.334375 0.1703125 0.09479166666666666
2 0.38984375 0.325 0.16640625 0.11041666666666666
2 0.6 0.3729166666666667 0.2296875 0.11770833333333333
2 0.1921875 0.546875 0.121875 0.08541666666666667
2 0.30703125 0.5333333333333333 0.13671875 0.0625
2 0.63515625 0.6354166666666666 0.146875 0.06666666666666667
2 0.709375 0.5104166666666666 0.14140625 0.08541666666666667
2 0.71015625 0.5864583333333333 0.1265625 0.06666666666666667