2 0.6609375 0.26145833333333335 0.171875 0.10520833333333333
2 0.55390625 0.3697916666666667 0.13203125 0.09895833333333333
2 0.4484375 0.20520833333333333 0.15 0.12708333333333333
2 0.37421875 0.3145833333333333 0.128125 0.07291666666666667
2 0.4765625 0.4822916666666667 0.13984375 0.09791666666666667
2 0.45703125 0.5927083333333333 0.146875 0.08125
2 0.3234375 0.421875 0.1703125 0.08020833333333334
2 0.29609375 0.528125 0.16171875 0.08333333333333333
2 0.3109375 0.628125 0.16484375 0.08125
2 0.27890625 0.7229166666666667 0.13203125 0.07604166666666666
2 0.4421875 0.7020833333333333 0.15859375 0.103125
2 0.471875 0.803125 0.1265625 0.078125
2 0.35546875 0.834375 0.1015625 0.04895833333333333
2 0.4796875 0.8833333333333333 0.11015625 0.06666666666666667