2 0.26875 0.85625 0.09765625 0.14791666666666667
2 0.325 0.7666666666666667 0.11484375 0.11770833333333333
2 0.2703125 0.21458333333333332 0.1140625 0.178125
2 0.37734375 0.29583333333333334 0.0953125 0.16666666666666666
2 0.1015625 0.12916666666666668 0.0921875 0.11979166666666667
2 0.1984375 0.17083333333333334 0.09375 0.12708333333333333
2 0.1828125 0.2833333333333333 0.08515625 0.13541666666666666
2 0.10390625 0.2604166666666667 0.0921875 0.13854166666666667
2 0.33671875 0.425 0.0984375 0.09166666666666666
2 0.3234375 0.5510416666666667 0.0890625 0.12916666666666668
2 0.4046875 0.5239583333333333 0.06484375 0.09583333333333334
2 0.4765625 0.525 0.075 0.09791666666666667
2 0.45546875 0.5916666666666667 0.0484375 0.065625
2 0.41171875 0.6010416666666667 0.05625 0.07291666666666667
2 0.14375 0.609375 0.07265625 0.13854166666666667
2 0.07421875 0.5854166666666667 0.08359375 0.15
2 0.1171875 0.49375 0.0515625 0.08645833333333333
2 0.06796875 0.46875 0.06875 0.08645833333333333
2 0.1859375 0.503125 0.0578125 0.1125
2 0.240625 0.5947916666666667 0.09375 0.11666666666666667
2 0.0609375 0.36875 0.07734375 0.103125
2 0.1453125 0.3927083333333333 0.0890625 0.09583333333333334
2 0.1546875 0.7322916666666667 0.05390625 0.09166666666666666
2 0.21796875 0.778125 0.06640625 0.07291666666666667