2 0.58515625 0.3020833333333333 0.153125 0.1
2 0.4046875 0.24895833333333334 0.13359375 0.09375
2 0.32734375 0.36041666666666666 0.13828125 0.084375
2 0.49453125 0.41354166666666664 0.13828125 0.09791666666666667
2 0.40859375 0.5135416666666667 0.1265625 0.06979166666666667
2 0.2875 0.45208333333333334 0.13515625 0.08125
2 0.25234375 0.54375 0.1546875 0.06979166666666667
2 0.26328125 0.6479166666666667 0.13359375 0.07083333333333333
2 0.253125 0.7333333333333333 0.10703125 0.07083333333333333
2 0.403125 0.6104166666666667 0.13359375 0.08958333333333333
2 0.3890625 0.7135416666666666 0.121875 0.07708333333333334
2 0.41796875 0.803125 0.096875 0.06875
2 0.309375 0.83125 0.0953125 0.06041666666666667
2 0.43984375 0.8833333333333333 0.11640625 0.07083333333333333