2 0.24453125 0.8833333333333333 0.2203125 0.146875
2 0.42265625 0.8760416666666667 0.2203125 0.1625
2 0.49609375 0.771875 0.196875 0.178125
2 0.5875 0.634375 0.25859375 0.171875
2 0.6 0.49895833333333334 0.25234375 0.13645833333333332
2 0.3015625 0.6052083333333333 0.25546875 0.13229166666666667
2 0.77421875 0.79375 0.16640625 0.13020833333333334
2 0.80625 0.7041666666666667 0.18828125 0.09270833333333334
2 0.94296875 0.84375 0.1109375 0.11875
1 0.91171875 0.571875 0.17265625 0.14270833333333333
1 0.37109375 0.47708333333333336 0.2125 0.1625
1 0.81953125 0.35104166666666664 0.228125 0.17916666666666667
1 0.6515625 0.38958333333333334 0.25078125 0.1625
1 0.48046875 0.36770833333333336 0.17421875 0.16770833333333332
2 0.87578125 0.17916666666666667 0.1953125 0.159375