2 0.6359375 0.8302083333333333 0.1984375 0.13020833333333334
2 0.7453125 0.7739583333333333 0.21328125 0.10416666666666667
2 0.52890625 0.821875 0.1046875 0.07708333333333334
2 0.39453125 0.8135416666666667 0.13828125 0.08541666666666667
2 0.33203125 0.7395833333333334 0.13984375 0.11979166666666667
2 0.1765625 0.7375 0.1796875 0.11770833333333333
2 0.175 0.6145833333333334 0.13984375 0.109375
2 0.33203125 0.6052083333333333 0.146875 0.07395833333333333
2 0.45078125 0.5729166666666666 0.16796875 0.10104166666666667
2 0.6578125 0.578125 0.1453125 0.07083333333333333
2 0.6515625 0.6697916666666667 0.19296875 0.09791666666666667
2 0.52421875 0.71875 0.1546875 0.07708333333333334