2 0.57578125 0.6791666666666667 0.1484375 0.21354166666666666
2 0.678125 0.5645833333333333 0.1734375 0.225
2 0.6921875 0.3302083333333333 0.18125 0.3
2 0.41640625 0.8791666666666667 0.1078125 0.13645833333333332
2 0.3421875 0.934375 0.12734375 0.12708333333333333
2 0.21171875 0.771875 0.08359375 0.11041666666666666
2 0.24375 0.6770833333333334 0.0828125 0.12395833333333334
2 0.17109375 0.6885416666666667 0.0703125 0.10104166666666667
2 0.36484375 0.44166666666666665 0.075 0.121875
2 0.3046875 0.38229166666666664 0.08359375 0.11458333333333333
2 0.5796875 0.490625 0.1125 0.17083333333333334
2 0.1265625 0.490625 0.06640625 0.09166666666666666
2 0.2109375 0.19375 0.0609375 0.10520833333333333