0 0.3203125 0.775 0.190625 0.09166666666666666
0 0.303125 0.6604166666666667 0.246875 0.15104166666666666
0 0.5953125 0.7114583333333333 0.225 0.11979166666666667
0 0.64609375 0.6052083333333333 0.1234375 0.09166666666666666
0 0.525 0.6020833333333333 0.11796875 0.07708333333333334
0 0.58984375 0.5083333333333333 0.21328125 0.13020833333333334
0 0.32578125 0.5479166666666667 0.26953125 0.11666666666666667
0 0.50859375 0.44166666666666665 0.140625 0.07395833333333333
0 0.30625 0.4114583333333333 0.17421875 0.07708333333333334
0 0.36484375 0.471875 0.14609375 0.05625
0 0.3453125 0.3260416666666667 0.1515625 0.07395833333333333
0 0.309375 0.2604166666666667 0.13515625 0.07708333333333334
0 0.4296875 0.27291666666666664 0.0953125 0.053125
0 0.56171875 0.371875 0.15703125 0.08854166666666667