0 0.20390625 0.5604166666666667 0.1640625 0.234375
0 0.328125 0.66875 0.09921875 0.15104166666666666
0 0.24453125 0.39791666666666664 0.1296875 0.140625
0 0.3359375 0.5291666666666667 0.09921875 0.13020833333333334
0 0.46171875 0.59375 0.190625 0.22916666666666666
0 0.7765625 0.6958333333333333 0.171875 0.203125
0 0.60078125 0.6479166666666667 0.13359375 0.203125
0 0.4140625 0.3645833333333333 0.2328125 0.25
0 0.66953125 0.296875 0.13359375 0.16666666666666666
0 0.58203125 0.4375 0.14140625 0.21875
0 0.7234375 0.4791666666666667 0.14921875 0.22916666666666666
0 0.79375 0.296875 0.1296875 0.22916666666666666
0 0.8625 0.515625 0.15234375 0.20833333333333334