0 0.2671875 0.6614583333333334 0.03359375 0.0625
0 0.29765625 0.65625 0.03984375 0.053125
0 0.29453125 0.6145833333333334 0.05390625 0.053125
0 0.35703125 0.5552083333333333 0.02890625 0.065625
0 0.3765625 0.6 0.04140625 0.053125
0 0.42421875 0.390625 0.0265625 0.071875
0 0.4 0.38229166666666664 0.02734375 0.051041666666666666
0 0.3921875 0.29583333333333334 0.03359375 0.0375
0 0.178125 0.43854166666666666 0.03125 0.051041666666666666
0 0.0765625 0.6854166666666667 0.05 0.065625
0 0.16484375 0.8052083333333333 0.0546875 0.05625
0 0.73828125 0.384375 0.0484375 0.058333333333333334
0 0.846875 0.66875 0.0359375 0.07708333333333334
0 0.75 0.6770833333333334 0.03515625 0.0375
0 0.74140625 0.8395833333333333 0.0421875 0.06041666666666667
0 0.7515625 0.7989583333333333 0.0328125 0.05520833333333333
0 0.903125 0.7052083333333333 0.04375 0.08541666666666667
0 0.8640625 0.978125 0.0484375 0.03958333333333333
0 0.575 0.859375 0.0421875 0.06979166666666667
0 0.59453125 0.6885416666666667 0.02890625 0.041666666666666664
0 0.5390625 0.559375 0.0296875 0.05520833333333333