0 0.06640625 0.40208333333333335 0.1171875 0.21875
0 0.09921875 0.6864583333333333 0.1640625 0.2635416666666667
0 0.3578125 0.5375 0.2140625 0.24375
0 0.2109375 0.296875 0.175 0.2864583333333333
0 0.5921875 0.5333333333333333 0.1625 0.19479166666666667
0 0.5578125 0.76875 0.1734375 0.253125
0 0.8578125 0.21145833333333333 0.2328125 0.28854166666666664
0 0.8578125 0.6166666666666667 0.1515625 0.21145833333333333
0 0.7484375 0.45625 0.19140625 0.20833333333333334
0 0.7265625 0.6989583333333333 0.16484375 0.21145833333333333
0 0.42890625 0.878125 0.16484375 0.23229166666666667
0 0.2453125 0.825 0.2140625 0.215625
0 0.6203125 0.08125 0.1203125 0.15520833333333334